377.971298189 0.187808525408 3.43933340948
304.90406257 0.0714448348775 2.29003638529
123.952123391 0.927981144618 1.16633540264
179.841086324 0.590194795385 0.766249363055
108.203138066 0.034700061179 1.17810272676
148.424280147 0.0854390296027 5.56421813943
249.305308997 0.216647122627 6.73056151706
297.48624415 0.572100939639 0.623480633658
142.090729792 0.360139089282 6.24029885221
270.465709572 0.368775667683 4.09646761518
397.160737096 0.389870706114 2.53283193911
154.17868437 0.406858110532 3.78782333789
250.723387601 0.882236295427 4.33436982316
189.856709557 0.109748468708 2.28426613951
386.527830438 0.459056417442 6.4549647187
294.819202162 0.882620591876 5.51474208503
16.1103886635 0.813809248787 6.603298659
352.803860944 0.777346555938 1.49311918298
188.758912133 0.509691457293 7.04659359687
32.1546098373 0.367222884546 9.65545392559
329.671546947 0.458133169536 4.84464393343
373.008686628 0.868957180543 7.13877103079
232.49490741 0.757250647578 2.11892598639
317.954596942 0.468077986944 9.80428231639
241.335980739 0.475077627716 7.27079551442
27.6775446027 0.340412083599 2.56336262888
18.3693294621 0.390999037593 4.02520859585
254.467675115 0.647396905148 9.09691448456
91.61545522 0.250870488893 5.77086263991
224.523066361 0.775276363993 4.2484617964
7.16998876586 0.719799354466 5.82629296623
57.4577337972 0.806525649636 2.84604786716
13.0876559746 0.713169488961 1.56420458656
395.517467471 0.303633766586 2.79496102323
247.166875891 0.438187125756 5.33650533712
273.557085727 0.917281560599 0.59708314328
190.525936742 0.426290821594 4.22164154461
284.110151572 0.815047978538 8.48842221091
17.3886218982 0.242190432437 0.382174934031
333.277817714 0.978673978872 6.08933221552
240.244427257 0.881533146566 2.40076697624
9.4370116139 0.511224552002 1.20965552307
41.7091709501 0.220634221432 3.12003392751
300.160239671 0.0270660438683 3.74749539834
228.136148001 0.497725078602 2.42672964485
255.990913245 0.255982236508 0.286687147151
323.734244458 0.716765495095 7.83808737654
364.868766953 0.252555758567 3.99423059225
236.852643668 0.0389517710126 0.123256534536
379.710602477 0.991003674742 5.99288400334
113.991402317 0.268663170607 2.05017766557
69.7035143503 0.471598053865 1.79032696989
311.201466467 0.668033656197 8.47534836805
145.273367797 0.788762913472 2.59123875817
350.920164566 0.931430701927 8.73271255789
285.882062666 0.549666799597 6.41170233769
222.085565223 0.673113313817 6.42983763584
216.071437656 0.0873122626213 7.90447519949
352.982264261 0.530108249817 1.47665236134
65.8185507812 0.442914500961 2.84262099987
173.567893719 0.178331704591 5.16394902439
142.810815954 0.905013829781 5.93861755048
64.7511072613 0.955347849258 0.34838981266
193.397026404 0.398431213521 5.25395292592
19.5572968128 0.78489637483 8.19027104212
355.974677252 0.539443490686 5.65772335741
67.4495132409 0.229756265354 1.009712359
276.468183556 0.499443861549 7.31920572012
81.8261303925 0.331231846185 2.14032736487
202.974099716 0.769933359317 0.246819181048
265.348256196 0.81526798179 0.697394894548
70.1953818047 0.710306359238 4.95448665892
25.3501937288 0.889504984552 2.9704029661
309.293258467 0.987900901921 4.59622976647
21.4189832842 0.585896601609 3.20634357801
122.564831297 0.197853837278 5.57298526492
118.139428066 0.9581487923 9.24691699004
75.2978126492 0.302574376077 1.48534568341
106.36540224 0.589133912601 9.92359601399
292.580278268 0.793178231088 6.14769040047
148.124090869 0.440843648566 2.2061207685
305.554682345 0.511506519209 7.12534866308
216.292088136 0.490375328059 2.05977010708
324.965444402 0.510736658127 3.88578151135
389.484494304 0.504828559066 5.8949600023
287.100430131 0.648232516139 0.838097026078
26.1742508185 0.88685020902 9.03237689032
88.7874080123 0.965963357079 8.77292383128
68.6863611563 0.705525370691 4.793065527
156.115165596 0.4728847968 3.85034357703
100.817892657 0.148228403626 1.34445200614
216.066274866 0.123976087492 7.27549712978
27.6277296458 0.329489872559 6.1180711187
240.710420892 0.636742739178 8.40012522709
96.449287633 0.817814776162 7.14300002279
42.0729388508 0.829734741344 0.586130641837
276.543533389 0.124742148625 8.78321410642
234.099556605 0.776416841987 0.0361788224087
132.231302528 0.0649745615092 7.14007864333
355.172976954 0.518389911715 6.98266236168
392.710255384 0.881157682483 2.99091873467
137.778505153 0.93777457061 7.71180435366
204.283587919 0.466120345963 2.61837332773
177.658146511 0.0464732215819 9.9958599376
86.7411216672 0.0304851759486 4.3139842176
244.900343835 0.915248651841 1.02494243983
0.918384498847 0.17116570128 7.18412347819
166.881374897 0.979613259373 0.865091075175
111.920265982 0.956011897253 8.91459595389
275.7714951 0.132002314436 7.59457654993
310.145064208 0.826377718175 4.54626057985
118.662734879 0.03071228987 9.93770898915
117.107358416 0.172629076246 7.5097575043
333.074403998 0.101959048421 1.4406360281
32.4301434579 0.112339771846 3.79529354645
44.0467741002 0.708706699189 3.29143225493
142.165233588 0.254393582036 9.19628700196
100.150005492 0.40111824403 2.27326240549
84.5848277746 0.329324682513 7.90283832254
45.4088783653 0.683572396391 7.5417452793
11.2087545884 0.938497030033 5.53215390007
14.4991413082 0.959434674262 7.09544392822
205.282832113 0.926859701085 1.54669938004
378.460557333 0.262397578426 9.42164943015
321.987991657 0.391598018364 6.77999641325
246.21078415 0.942222406396 4.91586382318
95.8607472957 0.209632330816 2.79128186611
135.102306626 0.204345894803 3.72623647
389.967719829 0.420925219241 0.488511265704
245.576811182 0.995457056181 5.42399083234
104.768670853 0.61819657699 7.79536583512
1.14853169706 0.536736659637 9.32540614556
137.128460353 0.446268373566 4.25970260232
164.279054917 0.681492021418 5.07040250931
318.654600793 0.180130732789 9.38346087365
333.566513042 0.415633008702 7.75096497906
391.130272906 0.692924251304 5.01862379672
134.144264545 0.683140442866 7.72410930194
327.622233765 0.847488082014 5.95344875215
263.097661903 0.709149241372 4.52575940161
331.415068164 0.815758543741 7.57015596621
284.42257405 0.640685251853 9.17918598182
357.597886703 0.821808039486 5.64873201132
292.886859232 0.412409358945 3.8174552751
94.4346966807 0.551260089946 8.78838183594
295.241925566 0.308893424302 4.36078028606
29.4202278884 0.998810418029 5.74659698914
356.374559369 0.516568422147 6.51609093199
305.046327377 0.00330378592538 8.82541026863
124.872950427 0.206935311596 6.72196400016
92.250568405 0.662329507366 8.93923179841
54.7064384903 0.294640831087 5.16489952357
73.6587457948 0.97468630548 3.16315166457
35.0549359462 0.00760937065752 3.28711012188
330.358524073 0.282060020334 5.67312801841
369.785976815 0.0629209405543 5.42222955065
81.7685227581 0.827606325087 1.40034660162
62.165719125 0.82120461286 3.91495046221
339.327164274 0.736229774101 2.39971744052
331.214205733 0.855977457278 6.29928565946
99.0331311172 0.865953980295 7.05556728608
170.294919695 0.290971392167 1.76515113158
229.155857243 0.272124278113 2.26401761852
391.212020211 0.877970023192 2.32356799575
123.734165821 0.735653176222 6.28890361965
67.7734249238 0.518414534048 7.32032132724
291.733090314 0.202281925424 9.73170206022
10.8761814061 0.976194327172 2.43145437936
339.599601898 0.0802852870043 1.71818108553
391.289485073 0.271199510941 7.63153128767
143.282026165 0.962171493742 0.792351731841
262.850699407 0.714826962836 9.24664412303
383.577821582 0.697866108024 6.59363945594
49.8438098693 0.691765160246 0.606643659682
321.398171278 0.461423005693 6.96592142176
334.073696013 0.58170599505 2.48793205352
57.4502994702 0.338138770963 3.12201980825
343.523850773 0.969446518949 8.18726556486
54.3134868179 0.14972388938 8.62894372917
386.638833611 0.619784912704 5.73826513104
29.9565227012 0.564254349052 1.52605750222
61.5544565888 0.429441331104 9.91628809376
204.538894202 0.224196257888 7.58983731327
265.383594188 0.692649295104 2.63803012619
86.5039795214 0.789720776854 9.75684245006
264.23050196 0.482912811972 6.86740317705
88.1083681333 0.635287334296 4.70127058888
380.680223507 0.601391123987 2.18668821524
43.4186474786 0.172303173486 4.62827492039
365.926831033 0.677429909779 6.58552893421
295.274737971 0.241935466071 6.12075138846
284.131850463 0.24946737737 2.66215845373
303.083856808 0.913963001935 8.39008213071
96.0238127201 0.209343973544 4.58986705597
301.862550778 0.783858784002 4.58546247714
312.913071936 0.995504542698 1.75391443146
9.3509088503 0.104406947349 0.970054922104
345.312107575 0.132089409733 4.19079332153
284.845233197 0.809125779134 9.92893997136
39.6202970731 0.202889466878 4.05271183559
316.789279568 0.606351946324 8.6746431182
247.828979485 0.0112945108602 8.00035579369
21.1209753105 0.91790400734 7.33261428189
1.87768765371 0.930215260167 3.51782627089
156.20414647 0.398651528763 2.00173500489
199.467150104 0.335174433901 6.11635921522
99.1161547003 0.994864719495 7.10443659611
277.362029465 0.985164358868 5.91750370353
104.128660907 0.51166717254 3.58408519548
292.357086251 0.509621153012 8.83382676716
380.402551841 0.0500242497434 0.230086224046
369.387019355 0.885891524495 3.81094380713
334.057275402 0.164730555268 5.7312773043
124.267080923 0.0372458707222 8.37614296228
51.4700758415 0.703335878351 5.08367588754
261.578868867 0.881251679369 5.21282737864
257.959371393 0.976067404052 6.95252083236
164.763204696 0.496645485251 2.33848725459
102.7256516 0.586831109155 0.311668572804
237.926724465 0.0284417771391 8.92008265542
312.090756908 0.580619612336 8.0928327326
359.610355911 0.558555432726 1.94992611957
158.365137105 0.668714976139 3.43332101161
138.977924102 0.407119308904 2.40837879379
179.065859389 0.350216169869 0.651660052153
86.0381293591 0.242805462583 0.788275925218
63.5712406542 0.74846016705 2.70142843079
155.832508712 0.907045316126 5.06246117975
328.807219601 0.927071392513 2.82268944878
215.903995969 0.0776267712302 2.66711005385
257.639433034 0.194846255656 9.66232993229
183.284762574 0.848516311769 2.34396097128
129.181426907 0.404439988194 9.827716764
76.9350476365 0.709280610163 9.0417692052
36.6745375597 0.529877208535 4.79792312067
361.352137726 0.208289855459 4.99974789465
367.636951912 0.157449542543 4.10986059527
112.664389696 0.581803077329 0.694300620046
393.958804798 0.0674702762306 4.58139462008
177.989413452 0.370476967881 9.79929592265
386.841112342 0.677084968744 2.59681840078
317.393290611 0.886026663375 9.21232767703
132.999794548 0.448541562527 0.16644350635
280.56439758 0.404844190062 4.73780955552
181.769431102 0.471888003182 4.89613708592
229.779796294 0.116905942818 5.9747347542
176.044732255 0.442038538568 5.93337312643
295.441844806 0.855729231695 6.11550220335
201.309363567 0.620443459052 4.39883000581
52.8662427609 0.813842238285 8.32180956967
217.358049437 0.866345604214 6.8807468207
378.724916416 0.479256503784 7.66146905469
303.975221251 0.221029203541 7.27193221463
319.55087696 0.774200037316 0.0751580225116
18.3038281685 0.935192715256 3.00263699628
136.3240147 0.349762858444 0.851208795903
305.615750637 0.52126550654 9.58405125682
203.775931703 0.440089840557 3.42797954891
340.678471462 0.232012774343 8.1424148977
30.8821878583 0.761148855354 8.87584353566
98.7569019596 0.107956595021 1.59612551664
20.5912587182 0.774864370449 2.19047912728
226.098337834 0.0909541331005 4.92236782054
41.1506154563 0.611319363068 1.36648411177
28.902181677 0.974529859256 2.28424703294
320.201715266 0.374933410568 7.22726999161
207.969679751 0.379170054392 6.43184776436
242.189051655 0.469715046527 6.69739185888
91.4755828323 0.839595617329 0.354471531214
37.8079174198 0.367529519944 9.41117316284
263.452426237 0.271638748601 6.59590506564
328.111520893 0.769502090902 4.86374827139
299.721632611 0.85724412665 1.37003267768
101.083053305 0.348195120803 5.95724143366
370.036570094 0.737545050305 7.50876163338
355.527354912 0.461044743926 4.18476096796
269.044578191 0.661763761699 5.57549037608
206.447313831 0.674427865599 1.25210101876
110.793770537 0.999840048331 5.66897946751
37.1421574996 0.403882216739 7.26761162144
397.10702942 0.315843801277 4.13110711308
125.322783502 0.21190255035 1.71552913497
320.929825629 0.661231102105 6.77099702384
217.032125447 0.73356967153 3.0262161295
170.243325494 0.462609428735 9.16511182776
395.392788902 0.233444142144 2.44768559001
9.71500545309 0.784227162889 7.62723128013
208.042543725 0.615005428469 7.71092795406
294.239110011 0.0512365947824 4.76279912953
226.498965967 0.558251824806 3.55005183037
260.708791461 0.561757469516 1.41664610548
392.227420761 0.820369182112 9.16496729509
259.628606047 0.325998336899 7.15099913414
1.84086186073 0.106792444893 0.0772260912577
22.7805884018 0.909427954476 1.18007595272
286.826194118 0.287545897416 3.44009245149
145.758696109 0.899620766641 0.872130068057
101.099961032 0.315252733633 7.87599888119
366.454747125 0.623721367976 1.44701949674
65.1430543301 0.558491101436 5.1657384518
141.43993061 0.793396673849 5.19453314024
182.49263471 0.8593442066 2.48004935671
372.981481249 0.981489444612 7.6259101954
313.785529198 0.392023357403 1.86165194815
20.6634035271 0.64163669735 5.22294065908
314.745999782 0.618000546192 3.26690212292
301.02911076 0.992535845673 1.50796412276
162.176049188 0.877601212167 1.15787003666
183.700764582 0.0956854771086 2.61102810229
163.050161439 0.509607941471 2.03528349446
196.948610855 0.389248043859 6.71013769429
204.842494037 0.682740792068 2.46347754592
396.56544148 0.716618909969 3.68075546896
192.158723619 0.636921853319 6.6372931338
257.002054284 0.865275629011 1.64191520262
318.635998146 0.2569935428 4.3666396512
179.057982072 0.238279687734 2.29405332051
321.284554745 0.982697740935 9.92307392727
276.08740496 0.155175747075 3.71844798538
46.235151745 0.325695184434 1.72056635993
82.8397108297 0.855752124058 3.4034363936
179.682342418 0.991241946422 8.34138253566
263.632247437 0.360426098962 8.80502459006
172.085746483 0.703120852533 8.54691489854
9.99399466059 0.930926237837 7.42891240832
393.118386599 0.7320672114 5.74976873564
67.9861557313 0.198739257488 7.04661049297
299.853725849 0.834550376671 5.69451411707
105.463125698 0.316372436607 2.17619534068
208.630545214 0.377878671234 5.05996434586
334.420305507 0.0967145163638 7.95300049328
237.081412212 0.448986151059 1.80793930127
330.294969528 0.635446256965 1.91048073652
388.323117866 0.617348268795 5.67583712629
342.961612192 0.646332828435 6.32516638514
100.209787501 0.0592729498168 4.43200062395
26.9668449999 0.992168787685 8.7818947428
251.251681395 0.296367127838 2.46148658031
353.948538188 0.960917749573 1.22875320729
323.816294581 0.322823836552 1.5221874588
380.963054651 0.877702773317 9.76849429811
76.7575609094 0.0131693507071 9.48193564476
174.902440884 0.576593251079 1.53218704485
142.045875398 0.707690489583 1.2508698027
173.128491268 0.750135782814 0.113143171792
162.269029681 0.364533215202 7.7359582828
116.778455546 0.934994681881 2.26899801448
293.131381523 0.173702833734 5.76193771336
333.67893805 0.371679187521 8.169321211
111.330751803 0.67899824191 4.32343135882
302.110679115 0.854162045727 0.798701891581
211.494960347 0.166372526731 2.79147903712
6.78029698829 0.512637146772 0.958619050242
279.656431254 0.196578007316 4.63912933579
317.804099267 0.961041680949 4.01340642137
204.710410039 0.703246420346 5.85288733426
347.087864602 0.724093070622 6.78341310365
49.570247539 0.531701014867 6.05327387894
155.862889898 0.52096536311 0.670837743592
117.048322407 0.147109208031 2.35006685615
123.669609071 0.471782906576 7.26649996425
376.708805698 0.264528584132 4.36567161068
257.544095896 0.0414603320534 8.08290203418
124.212435612 0.0849719814268 2.45716046239
281.855102719 0.99742953229 5.77736738078
308.371527463 0.898677371892 8.47878979992
364.762500648 0.880206429072 8.19126454777
108.807588595 0.735999256631 3.56105885514
19.1906143357 0.268618127511 2.24698489203
128.400939289 0.991092440835 4.46913338818
176.993512995 0.751449787181 9.8467393832
376.134133242 0.604075743889 4.19517278585
239.724049156 0.245855724557 1.58188877882
66.6444772684 0.282109993365 7.41138568035
131.263101663 0.513019293716 7.45071997158
120.73703466 0.4867282635 0.421697426896
3.34027465524 0.983207650771 0.323241158143
149.952917494 0.0190544495871 3.67979858156
12.6295231983 0.574967231679 9.15074648907
242.518265119 0.319975920652 4.12814963334
117.632973093 0.470675835724 3.83648640594
205.567436357 0.648569388484 0.058646555471
159.885022285 0.707196528758 8.16931383238
264.998096806 0.384412554037 7.66743511349
330.285081812 0.941227831715 0.622919788536
74.9172295082 0.447120162867 4.95376267632
9.51152638423 0.585403325545 4.7019145399
175.907595091 0.742578383906 2.83708789581
256.156367213 0.0818244882196 7.81401931473
195.776646544 0.43949956433 4.15648074119
349.187027451 0.0401116108925 9.51844435634
266.622791622 0.967184621687 7.70744400234
159.614162478 0.712218444864 6.33136552286
82.7478410289 0.224532439622 3.17496214521
197.400172125 0.647924126872 1.6557018645
13.2317448413 0.0521251336035 3.25424308432
192.406485217 0.104995104276 1.24499578627
121.083895657 0.650179836193 7.78124412276
160.210850395 0.403993182448 4.17408946478
343.113100935 0.488031029997 5.52029560562
103.63516188 0.953595744171 6.99122846658
225.417841279 0.373024541943 2.81892676136
343.112511795 0.631742605126 2.5512745651
299.228226708 0.17921722579 9.36617577488
377.079030946 0.569263644682 8.18111341906
73.1483151061 0.691269701111 4.83533339288
106.965144971 0.903591708947 7.65003116347
160.15755938 0.54909523816 0.0308231460803
394.689603368 0.0960585518493 8.6096310913
177.300486963 0.217344120516 5.23163109648
358.206145875 0.520906424449 7.07035373865
238.583857409 0.371704256934 5.90744427668
372.462666141 0.287006630184 0.653626140742
101.789891505 0.846877061248 0.622113783483
344.071237234 0.120204398201 3.08606819793
350.755837409 0.986356211074 8.24576695099
116.025643784 0.390274754611 3.04497945395
321.926095522 0.60204759353 3.7785351833
58.7811461804 0.572038336278 0.800783151578
37.7699336146 0.60216617306 2.69518560862
185.706398621 0.251043389993 1.00765870037
48.0416193589 0.191123844928 6.5463610686
149.094357364 0.522692876089 4.4507348838
274.44955693 0.29926887327 4.38802629785
235.96040952 0.901133074206 6.0793196444
288.931509956 0.0453783687639 9.47626523724
125.294712117 0.0367502967966 8.45896465188
262.598842868 0.747058119604 8.79768301176
66.8628013543 0.0527719944644 7.29461936352
110.868808506 0.800027668862 2.11544617814
147.551244414 0.292040898361 1.53342993423
227.703052585 0.6063424618 4.45058745705
316.773114668 0.287163769172 7.4763757186
310.533777739 0.661127464028 2.39771351154
253.611334853 0.25794072209 5.86512118956
85.8623735518 0.667619672871 5.41520196439
59.2008845793 0.101767245524 1.57801003935
48.635310368 0.490337377017 6.03992257748
154.797246984 0.3514392356 9.38946375517
127.575366189 0.864036837997 1.32023149548
241.821620677 0.308198399011 0.495821804481
318.795608288 0.51033505489 5.54028967132
221.752929621 0.140336514362 8.02261671076
112.857160207 0.326817097153 5.53094915747
292.824765927 0.510466659003 9.866898191
68.1602050295 0.234362788828 3.43986592038
186.517886723 0.104508348241 0.428022447068
199.068962825 0.285450164639 4.59648266436
388.322788613 0.318533286435 4.20415976817
92.8267777205 0.705050262609 6.03491037596
132.841102001 0.707091607247 4.58635362497
155.769977474 0.151498283042 6.78275008229
57.4044447129 0.641144224716 7.80015997266
392.952095558 0.893178850905 1.68482529844
332.689122444 0.980071933674 5.73145648134
312.877023902 0.356191158595 3.43536835014
100.791608688 0.407006940018 9.1247302819
240.007608895 0.178675606159 9.3021404317
333.640943231 0.191702530496 2.04554622877
216.863137524 0.744573407159 3.26814139929
7.84142019818 0.792159844295 7.01694494261
290.134777572 0.552546654141 5.61123324476
182.040181804 0.53603863078 7.38796585302
28.516503607 0.434135037763 9.5680947679
62.0851456895 0.156518434463 6.74385406813
378.227792183 0.500266914313 5.15261832229
0.0584834899999 0.0270712402096 7.34867424042
313.701486279 0.725119794833 1.08154263658
245.918084702 0.908144906767 9.19565981818
295.040636032 0.950049428108 7.65698066685
378.112146403 0.270744594335 6.89682690963
53.6048881908 0.430875473115 4.07733164432
194.124537897 0.727590447532 2.83089466718
267.032482534 0.319888046934 3.27214438252
108.180335737 0.688820592568 1.44237731627
65.396244147 0.426309879779 9.40146702848
299.220216036 0.895483548433 0.108619568465
314.257166202 0.839407426995 9.79710567085
229.615026884 0.35497579847 8.36744666879
97.6851203555 0.574882437453 5.94126307392
104.078566176 0.0377568280134 3.79109786917
21.938758682 0.872119587057 7.17787225762
337.875300783 0.216699228143 1.60279980422
45.7975982124 0.546538467832 7.58197013714
294.169128619 0.465152824318 4.70904307574
302.303944618 0.560088723725 5.9102941053
219.050266274 0.853852703541 6.90064571596
178.416306142 0.0148504423089 5.85987993063
393.506727625 0.252527376914 9.33377508481
259.861709764 0.757408466034 6.3196132921
15.5847102636 0.633952323506 4.62655591779
227.432979606 0.706505057928 4.73553243519
49.4442955428 0.335240397614 9.74549591416
195.90178657 0.418278373338 2.79762577706
122.121868732 0.757938603306 9.33177437487
97.3179513852 0.843048238508 8.1942021488
331.69963223 0.299077086896 3.81565773794
228.19596229 0.762959729268 2.08033354513
237.823416682 0.116005246147 7.18436177969
13.836951148 0.471614108038 9.90436365143
284.70166799 0.626515990944 8.48650796268
337.609853381 0.687167696672 8.04426230373
389.570944509 0.609540397009 5.46895716819
163.846836115 0.940374048419 4.51649452177
278.391268858 0.0477918777283 2.74397041198
158.351062743 0.24545304816 7.11545397501
147.888146705 0.137045848147 1.69883539758
339.164872707 0.194076704292 0.143868310948
347.334015425 0.143953461774 6.04861553798
269.267827374 0.251684796912 4.00669213058
120.172401016 0.465421253476 8.53522865064
233.260512583 0.872999794188 8.25761174411
91.1253014444 0.939835110913 4.19563993915
115.449815074 0.901570900839 0.483530559216
114.488772692 0.99643650793 5.66387092736
107.218369344 0.392636551314 1.11603911624
381.628449362 0.146028183829 1.57971364148
87.6548124356 0.526654122483 5.0304342073
51.153400655 0.084023939388 0.816697960192
397.098618768 0.112880168328 1.97364931497
337.521244441 0.363701630686 0.381822440158
362.265138046 0.562453722999 3.29101661507
254.401199908 0.226654566556 8.64343469798
2.34739363726 0.297585721527 0.684095957221
110.650985164 0.0708382143588 8.62343651758
134.250010061 0.734414154079 8.72162605374
263.573320013 0.955628098151 6.90386317473
246.810975039 0.407645307161 3.25820118146
229.916111081 0.424655155786 3.38705978004
78.7001621122 0.530217302499 7.66069827658
113.895908342 0.457228307675 6.6705524114
324.980467979 0.9103797876 9.76320161231
164.865292089 0.949596657542 9.10879745529
175.709820275 0.35847484617 9.62734552254
236.954718153 0.649030817027 4.26741753187
229.197804554 0.294897376249 0.375053004421
5.99631783526 0.649370678879 1.62143770036
13.8988827916 0.357139944135 8.82989122213
380.709982906 0.196675291545 8.24349551979
235.404351664 0.049308553465 0.731452139206
189.873818377 0.265699154019 1.59944077132
308.719266783 0.224568523605 9.23764203485
52.6513066708 0.613611396699 9.50474409782
304.076133957 0.914045754491 7.66859208401
80.2500321687 0.4663897625 6.01126714193
179.062717612 0.71240103298 3.66019947866
177.687966132 0.299095557034 4.29089991235
338.930381798 0.4779856907 8.13821028302
42.1014089037 0.943294847448 1.22888467942
289.837762392 0.481520642884 4.89598700474
210.10993014 0.491437386911 9.70535869277
65.9402630476 0.59581145327 3.06110645869
396.890741024 0.620496804394 3.04306398742
300.071419459 0.714676593046 7.30969566427
158.125857533 0.747050896707 2.03671883507
24.1131472603 0.189499403512 7.98353571332
159.514805826 0.599051970471 0.643156263068
324.210231033 0.852713356092 0.718907194477
186.119833932 0.735102028595 8.38181280096
154.326315495 0.299880995573 9.26804226029
304.836969447 0.663681791051 2.60462784675
384.4652307 0.560280424475 1.26493019427
164.928174788 0.556377951893 7.77068537866
8.34055143182 0.398166455299 6.09159406939
160.889618561 0.740264633075 9.50775982038
312.361962322 0.749444614467 7.534129844
278.912905589 0.520777883049 0.903424477126
101.381582704 0.727586949556 0.229023289987
49.9781755447 0.575934066213 3.81018580184
175.993988753 0.807908674207 8.40947295017
380.893047464 0.284417623854 4.98743190416
392.631448987 0.666188603774 0.251471800966
11.1052324301 0.231357267508 0.960455886843
371.193922163 0.881351382068 3.60408263832
51.1039575247 0.233754884926 6.58943069355
9.8951399318 0.476236618333 6.2581776211
246.040988878 0.0940229949214 4.88098569507
233.985165038 0.989606015027 3.69778836948
29.2778372498 0.632047773 5.18878821992
128.063996697 0.570029519109 0.360110016723
284.75926306 0.4198944863 4.31507009279
326.267974117 0.890496797023 3.47284654412
259.680338658 0.159408106823 8.51065990019
55.7708804729 0.304643651566 4.73179015245
372.960419747 0.904838417437 0.375051763424
15.7716589862 0.74130660392 1.43907511154
370.074074046 0.583128608752 9.52826450746
184.379463254 0.620197396091 8.60618307198
7.11363995998 0.327354279535 7.77312166649
126.721827554 0.458360180765 8.19474890001
57.38628747 0.248246043344 8.94607671932
20.7595204817 0.827780390304 5.82019307649
277.529686393 0.4217150977 8.19709414524
97.5596735813 0.98254816826 5.1701078635
115.73009218 0.112519713714 6.64795511662
142.708582445 0.0369722668708 6.4182714472
105.908489436 0.236362249628 3.66522583413
30.2586671585 0.970288924364 2.21244882856
104.487129423 0.0172192099524 9.26456122638
381.506341544 0.22505137233 5.50262402063
218.561981547 0.0715276486049 4.26895469947
262.13470197 0.307181689081 5.84618642091
95.1639704171 0.00982935309322 0.151715993031
5.09725747246 0.853333852805 3.4835251057
380.8956799 0.675964894374 7.98050904222
307.626397493 0.609103628642 4.64478884591
76.5501760577 0.363140247199 5.03432057281
124.322230444 0.368053457261 5.50831526708
183.404719148 0.16288669613 4.80519113075
251.163200134 0.744651901166 6.97403764739
34.9087017198 0.324817363236 6.862329363
315.306428547 0.864472157845 4.27056457731
51.9152629822 0.589704163279 2.35318853979
61.3542283656 0.534772999279 4.63487880622
54.5601268701 0.526581928202 4.30234074007
215.011348823 0.0291210766529 8.38121477001
6.5116756554 0.367168450766 0.53052094019
305.795628022 0.897599957086 1.59979445852
243.479532556 0.746995479574 1.0937661054
225.812752944 0.54990662382 7.94247045036
174.573385886 0.788709126323 9.28232116492
93.9660815715 0.275123175103 8.84130990302
367.736890152 0.347574506817 8.78970636661
149.484131234 0.852756558496 6.51583848888
306.726452543 0.546697156452 8.89744911478
381.394807061 0.697074507923 7.51629697833
269.818011529 0.702248561987 3.19461168519
49.844552012 0.228912389427 5.74223874555
384.990876126 0.182314869152 8.11777898551
60.0536823503 0.66393338015 3.78219219266
45.8090301334 0.906845042535 2.08726408624
189.240437987 0.0876098699703 7.34527551499
147.317047694 0.202903564889 1.83819224594
1.73930200496 0.67685684945 9.18582652234
126.93968279 0.405564368098 1.95649673358
219.050341735 0.771522782066 0.11325069143
140.700820894 0.964269092493 6.33935990056
16.829443303 0.488943466759 6.10989746787
255.971450796 0.575670683527 4.73349687052
113.262681981 0.337791334335 2.43383536803
12.2296723798 0.639157102105 1.25548874703
88.0893624794 0.647064889366 4.55349656623
69.6128714758 0.839960539925 0.51997406539
172.169834904 0.81166910196 2.08762008858
285.268966992 0.294614237217 5.12438069238
297.680089334 0.0123859095246 8.53118508671
220.402600406 0.8984865818 4.72830879353
286.321389369 0.24246351345 5.48966469047
311.949427202 0.441927943589 4.00483710574
318.929569579 0.989935053663 3.83701083364
204.268944438 0.914015669744 6.33662068549
0.944314905746 0.51171024041 7.6999760666
357.230744706 0.929707898055 2.50966704386
26.0797495225 0.968152252163 0.749348471843
237.651864962 0.360059068949 3.31773162403
68.2959267094 0.255332216292 4.49454200498
164.359408267 0.795419670572 6.26859320482
359.981264289 0.0534283712188 6.64259949922
70.5005225721 0.806235539627 7.44521682781
51.2778664786 0.0483185549178 6.61775085711
382.778328463 0.761879510953 7.74889678141
371.032999783 0.313499347977 0.466826550471
9.71156811814 0.848108194942 6.84447016917
92.9852921522 0.410896749606 8.08970606764
174.496743627 0.818470385686 7.24770062831
162.360882489 0.130684270931 3.35728922678
90.1708000521 0.288579065638 6.08557139334
251.662578407 0.678873293875 2.3309639796
125.627994479 0.232315789578 7.35377556958
298.304227944 0.453889496706 8.92334988361
181.623295961 0.594928612529 5.36044114082
249.276652583 0.649341671866 2.22283385901
11.1868767224 0.268040474782 4.97459000187
257.741328375 0.111333137884 2.66021965578
200.622966163 0.682936250683 8.04149956852
235.655594996 0.0758536304811 2.93694573352
85.519016485 0.786468860849 6.99023028502
61.5839614624 0.365505624333 7.75508611782
364.222144764 0.307847122753 8.48314542946
285.680830925 0.897202574352 2.09268340081
394.258499072 0.920462191948 4.15233962143
197.925453411 0.725864061582 5.89788199559
169.190664394 0.423400830879 6.21589387743
219.212942717 0.227412936292 8.48371886884
115.676806441 0.563843661236 8.43218454373
219.432438418 0.120807077319 3.9386304053
157.4480367 0.080005034951 6.58507257353
246.357978485 0.282480421761 2.29509125407
101.52086014 0.67884730721 8.86892622191
239.499871768 0.523313913208 7.58977150626
277.460548686 0.759779682359 5.7190256963
354.856160437 0.110806667946 3.76769131674
21.8908889274 0.287679398288 0.0863469681011
120.462404847 0.577185605911 1.89061043578
289.802648873 0.380860388581 3.20277429958
270.791312882 0.38781620675 2.73705749037
162.300821104 0.381482881394 9.42065281796
124.191572317 0.568046331698 7.18350754817
72.5407236442 0.42823673186 6.7630221796
116.116934957 0.230491313366 7.45940588953
388.441759313 0.602749191579 0.288678112483
227.616577535 0.25445580702 1.49841505868
336.75124261 0.0799381224885 5.96932382225
186.61240496 0.907153189878 1.00478104805
230.986255186 0.214830185352 3.72345825166
98.5471064926 0.577342593703 8.84862810043
370.781680956 0.311124436515 9.74996441566
12.7378646079 0.194447533032 1.76140004817
271.811157625 0.573581227022 7.40859156898
222.066894881 0.827614776516 5.14262269897
264.51426142 0.640479551347 4.74224063186
55.6136515139 0.77077562188 8.1350904822
373.828439337 0.36557363801 7.68676231075
109.829118979 0.435941545487 0.348366193785
185.58391387 0.0236418766046 8.13216581788
244.090922869 0.242295043434 4.45800567857
306.708501369 0.595189281478 5.52044160669
262.36575068 0.881865767544 0.662590203032
68.2278354142 0.83767010636 1.11187814287
248.534857801 0.654640919262 6.80024503132
12.8740657638 0.694687661259 5.80045820702
93.7950721685 0.446596825072 6.95610030082
382.345387867 0.394956461147 9.17111451984
170.20354593 0.00431002237633 7.41872368564
350.574116009 0.0602408429414 3.31798643761
280.069362547 0.00181782401806 8.87323378825
201.610278916 0.297955640652 2.22439812077
22.8542770093 0.729749914912 3.60700527885
363.9511104 0.263112238699 4.59694201464
257.572889679 0.277027087019 8.75373657036
219.698643177 0.143664769072 7.24595355443
273.10279025 0.937622733304 5.756839944
155.071488163 0.163162440079 4.09004470882
366.700473686 0.678226447169 9.76296158705
239.61791427 0.369191429972 4.43357559856
19.7286815755 0.297505641716 6.94654519513
117.642091184 0.699091409851 5.94830756499
157.061623186 0.982789198691 0.692302122023
350.541405089 0.538226711117 4.67762221283
343.753109989 0.0605632286261 2.12900909076
134.733639794 0.490027879625 8.29007103178
248.675263241 0.343004773147 3.14051981592
186.788832029 0.789932822522 1.42408732756
375.727532869 0.0352940970354 7.66281627339
86.8408404974 0.281983762043 7.95061938029
168.428872763 0.565027659075 6.05341459768
215.740412216 0.250151569201 7.5963705353
238.310393922 0.0987418959504 5.33204938112
18.2416917017 0.431266545285 9.29812845846
273.604618884 0.700868088881 0.949001593613
162.011008126 0.587865176259 5.25644412994
114.741924664 0.38698160256 8.85980590191
159.70250194 0.770919728207 5.25226242865
179.222969157 0.331151164239 9.21984587405
88.1515035558 0.0500661869317 3.0862196925
63.9585477368 0.816680934858 5.47739631826
55.6789652924 0.0666718520817 9.27179461659
77.7035004795 0.985286950251 1.93217933925
49.3931016374 0.839034929613 4.10908807694
89.1843523932 0.487809831521 9.85670170655
85.1064694079 0.197519040058 7.10855612189
236.601495371 0.33810472284 3.82767672073
77.3825149382 0.432661460425 1.97087571642
323.140499518 0.641430731193 8.14582369786
156.364840608 0.951302762779 3.68727112543
237.067707848 0.76513739734 4.98869117392
372.115065552 0.698848559714 9.25747216385
338.270205404 0.704338549381 1.47794255903
369.481968342 0.478619446029 3.10630622393
163.400143456 0.80428102603 9.63171428844
264.444498191 0.390126808884 4.71327990878
102.116297881 0.94037689731 9.96919764254
12.0876824545 0.0707594368851 4.98345777681
318.982672415 0.285153331964 2.90822824539
79.6785016829 0.288653158312 3.58773023357
258.825868152 0.921383644909 1.70798221505
253.622762812 0.605491791997 2.28117396917
231.658793076 0.515391577339 5.42700843349
229.249840951 0.268447917997 5.42493469402
242.426729018 0.55006060563 2.63949245491
197.411217569 0.304574710978 3.97348426082
270.934343392 0.676257934327 5.3836675589
230.685315221 0.109091053575 6.4159076162
117.638984548 0.438746214593 6.26012274117
240.323207133 0.221535478636 6.63828684468
41.1821175308 0.349970603152 4.10801052127
89.9959149506 0.297439128931 4.74238785719
345.740490579 0.0408036458866 1.51989274896
357.952077247 0.712374966659 7.01898695386
293.02703426 0.444277785664 8.01329885808
306.569884579 0.128429542908 7.3057809366
337.502831062 0.852337649494 2.23228624667
122.106769861 0.715833811619 8.73441662101
314.320076748 0.00888456388442 8.23466877048
179.019462174 0.230501076184 1.26632313453
38.9290488729 0.175543845914 9.56766781602
98.0727195136 0.409780827531 6.11831986161
364.035326642 0.431339471747 6.65415514852
79.779335365 0.388403216452 3.66442778735
158.738531934 0.293485812996 2.16013463357
296.444495293 0.901785346427 4.9848462639
216.529049303 0.942558080046 0.0698056917484
192.008035492 0.147836464039 1.01225918671
31.7191465028 0.816231190163 9.12809515086
102.809850022 0.377048888706 6.73058839603
64.5341705486 0.00199387579288 7.16429641257
289.827308619 0.174822133687 9.35425322758
79.8100452451 0.143177572318 1.7357852122
366.498291269 0.047917224828 7.37425590773
217.434254738 0.595325468531 4.37208652761
270.335139752 0.432723738883 4.64200711342
246.720367475 0.100149790396 7.32764558161
196.778030035 0.656368652413 5.88565815741
160.046344959 0.245049386551 4.28569669835
257.715563967 0.251242308966 0.397262954693
181.023463449 0.469519019711 0.0976674712531
357.54980733 0.581772210649 4.30091005798
310.717477571 0.152212954924 3.15943633568
196.198274209 0.0880512064492 5.62753226196
210.258418493 0.937846954477 8.05009435393
157.473302543 0.965413384182 7.30449940124
257.500038384 0.93075139328 2.93037914434
114.767277381 0.0708863008935 6.65730136702
161.710460497 0.480982430249 1.31271999221
210.482576775 0.729985075695 7.07253057206
43.7660610294 0.455198448448 6.18997919021
67.168948081 0.858545655399 4.23020900902
110.102044452 0.00980772399533 1.30103437765
383.330533347 0.77148982125 0.127863407042
296.821297738 0.251573396035 5.78773713736
189.576915783 0.822958282099 2.55855290987
274.495595532 0.196743835149 3.22912386284
293.23140121 0.925407105537 9.08618098066
116.416239161 0.768008842717 3.49848658469
311.325297899 0.30888543697 3.1799706844
397.797693969 0.461171331123 6.76706136827
180.542333091 0.354163343876 5.57315907771
367.036438825 0.313147348734 5.45275652833
166.600680775 0.597049090741 0.141820936678
60.7092877649 0.204459898617 0.556649130985
200.885394059 0.309526315967 1.39933158683
180.638058014 0.0701085298486 3.23590832894
90.0733218416 0.152217121833 3.59753986105
123.614507045 0.228124419156 9.2915711562
164.958640864 0.112718394792 1.04796556907
139.643326502 0.294608684978 3.91475126874
215.909880339 0.979806016993 2.2574644738
321.719611382 0.125416735702 8.26525009684
239.981549912 0.709397663866 7.80334436533
117.032064341 0.276777595119 6.96871101364
207.55449964 0.827328511519 3.98372186271
266.004933033 0.804372120028 3.83898112463
125.380000625 0.953099158963 0.0334520909287
76.324461286 0.351310093367 8.80225602772
74.1215809683 0.69592825252 9.1002459294
282.387136734 0.33087903518 4.71057167271
106.199819603 0.461047231811 8.309051119
126.741664599 0.52921176931 7.66120892913
132.268078428 0.654391332362 0.277072304282
329.448151743 0.700866441537 7.29956459197
351.07552345 0.324941273004 7.30416971952
109.547657464 0.692223330614 5.44372541346
179.055903542 0.503716518228 3.34640549104
121.782339656 0.908332746967 0.136835908866
182.2093841 0.252868277569 7.55880242379
137.531484949 0.321936063739 5.71378377904
207.281245068 0.748337092385 1.78555127309
297.050132342 0.761286356701 0.570288516341
378.000115663 0.0226777631912 1.6730951077
348.403514124 0.828311323446 3.9685832713
101.144357215 0.666217645109 2.19571127965
194.204791309 0.25352843947 1.17515657526
336.62722796 0.0816741750033 2.65014204892
394.649423585 0.529960413728 9.32233414691
389.186361377 0.612038050988 4.25697323759
142.763202866 0.468150829561 9.27087761222
323.986590196 0.225727404499 6.21655885559
200.512230563 0.45741483452 1.46066345006
371.766019045 0.3934778559 5.52627122364
129.696562937 0.184847627333 5.8220077923
102.591419483 0.329287106079 5.09902202685
261.736076912 0.463543861537 8.80036592859
245.258393297 0.631934283132 7.33102496423
86.5709869137 0.088143582272 1.92991487134
70.1692918919 0.510877779674 6.89515485898
71.9707586904 0.968745210876 3.21293039688
141.434510568 0.50140728962 9.31129520183
227.367242109 0.102164619125 8.53549801831
302.56114636 0.748071018904 7.53670532947
75.501197342 0.166835039511 5.80617424756
354.105971045 0.265947271077 1.7790321038
316.636364652 0.996434147393 9.51048870572
78.3425363803 0.386331741238 8.04756416644
351.472726755 0.787686248945 2.41313929073
66.1364447303 0.598494584545 4.09723263252
178.655947728 0.171560967775 1.47487495094
46.097478401 0.480135087828 4.50887389086
193.999821986 0.65360184495 1.45941600028
279.709595145 0.0962137351324 8.59369298518
196.161123605 0.824387387525 5.88344696869
368.9777923 0.834586956639 9.90241999985
309.585983216 0.140541080977 3.14342340769
205.341563963 0.170066583403 1.53522739887
382.193338668 0.105350678971 4.64949448046
381.990938516 0.804318603912 1.76150062792
29.9472901521 0.945295631122 9.0503990925
93.9506944277 0.999924536824 3.72234662133
153.544815553 0.687820106625 4.50847513119
122.303471332 0.458605604999 2.32048126192
382.56347483 0.304092303726 6.57400026751
226.268742757 0.267592692848 2.69946440961
152.838213744 0.228829718806 0.895025011239
218.266637806 0.186137651268 9.9557070336
192.377081747 0.79558038469 5.82933222884
67.3228226725 0.341707541546 7.19749691417
93.3281310587 0.684423308078 8.17492775303
105.478231588 0.367112872735 2.2173965279
303.098642651 0.204088756832 8.56902542954
47.9766615865 0.649189039889 6.66082117763
218.371834867 0.747996878542 3.4359420425
376.797046241 0.900114425716 5.3640765078
191.780194773 0.435729319909 1.67760627656
33.0916882348 0.363803239335 6.34208384503
114.994844288 0.316989672791 2.40992232427
136.641819051 0.940172138704 5.89575723768
314.615699429 0.939031791548 2.27459619212
347.210254461 0.0392283090231 2.92873214323
106.703624873 0.707398098888 7.50338397041
36.9974876266 0.959444267665 1.92462070712
286.562223495 0.497421582396 9.46157799937
227.114182769 0.898360356215 7.76063871983
220.12030491 0.788598425745 5.42285002484
386.221155096 0.22220535105 9.70135244752
30.2602232385 0.22328055865 5.10399840173
253.552561392 0.290469462539 7.48773310295
362.073465694 0.316115596364 3.13003027564
62.6881728469 0.379747301855 0.433489822063
216.307743401 0.528284087239 8.9256131223
263.63102867 0.0949152851341 0.775697518149
352.601317742 0.460649322582 1.64833343131
84.2600149663 0.594889945349 5.67623355647
41.8908722467 0.220941346072 8.53813174345
108.87699991 0.200015071248 4.36962504896
251.82117366 0.356021910628 2.96255452133
280.963950214 0.0574600634451 9.31664977966
94.6021353127 0.922392404751 1.36391058698
378.425429676 0.96776511962 3.35715365188
222.053731042 0.260710072465 9.28247567995
371.517297192 0.378796516924 3.53428122191
246.042721704 0.394838176018 7.7963325041
361.078478434 0.187168906609 1.06545250721
294.202065498 0.218493096165 1.4724091384
63.0865772929 0.0764450762573 8.49948091072
151.867834887 0.497974087047 4.89947528771
164.322303216 0.489509191204 5.64006267485
248.593264267 0.851365412265 1.88509975202
145.315504102 0.0912414163225 2.18840508828
33.9590057297 0.0855964276348 6.10866995724
38.9682535594 0.718913676884 8.61272957208
89.01083276 0.206337527191 1.07206866148
273.436267656 0.260985337296 7.37075043158
237.717842563 0.444676282693 9.27543300088
87.515980191 0.523092828515 3.11696144736
215.45484139 0.145491942217 2.52702919719
354.614618963 0.460651771743 9.19919002665
377.258067993 0.913771318811 8.43304719015
47.6985187729 0.55211134313 4.80269925409
108.305236533 0.95138723826 5.29635527473
144.352947646 0.970610722503 8.64833761184
13.5353627949 0.0990142667839 6.95098322137
358.391528447 0.0786668540269 4.62286678832
354.314750197 0.128458851973 0.448327471211
269.138527793 0.876056827769 4.11775941665
19.9768337456 0.538522849098 9.95693338508
51.9813196188 0.0844404622807 6.72107638323
32.1829488069 0.880427034088 9.39069906518
106.973156203 0.212376993506 9.91299226447
4.39776980912 0.784084458689 2.44726790135
254.34435556 0.231051792961 2.39472884813
42.0510078705 0.409181613959 1.40953269188
393.785750269 0.248218712181 4.71643042178
195.565230911 0.614866921365 2.55395109973
373.152391306 0.0242723530726 6.97626894897
164.025309788 0.0839221362615 9.62926889887
55.7313949158 0.913014823502 2.19359684051
136.137530094 0.207842057165 8.74444354363
257.620965755 0.527822730685 1.97560388872
58.6694333118 0.390635063115 6.17212505462
357.938775858 0.0407088625105 9.75652596764
4.17961872794 0.150172677199 9.76009672788
192.023483515 0.935959353119 2.04312979523
230.976389281 0.505832616744 5.43342595921
239.097865043 0.926097482486 5.82998939951
342.057262358 0.726184383214 9.25925054529
303.817290657 0.892111016909 0.859220488436
140.338577606 0.612150125636 6.65210879632
231.742857093 0.590605478646 1.64172487964
249.399144807 0.328631470396 1.21393739477
290.174268288 0.605443983101 8.23736928146
81.4581107354 0.0637219922511 5.99787609047
